# Run   Event    |  MJD     |   RA    Dec   | 50%    90% | E_Muon   E_Nu   |  Sig. | Selection | Overlap
# --- 2011 (13 bronze events / 5 gold events) ---
118178  17334444 |  58528.7 |  136.9   -1.9 |  0.5   1.3 |     157     187 |   51% |  Gold     |
118309  46569873 |  55722.4 |  272.9   35.7 |  0.3   0.9 |     253     294 |   75% |  Gold     |  Diffuse
118342  24578488 |  55728.7 |   71.2    5.3 |  0.2   0.5 |      78     109 |   26% |  Bronze   |
118475  52691508 |  55768.5 |  151.6    6.9 |  0.2   0.5 |     120     160 |   40% |  Bronze   |
118539  54350726 |  55781.0 |  336.6    1.4 |  0.3   0.6 |      77     108 |   27% |  Bronze   |
118576  45696357 |  55791.7 |  332.5   -2.8 |  0.2   0.5 |      94     123 |   34% |  Bronze   |
118631  36844560 |  55806.1 |    9.7    7.7 |  0.2   0.5 |     215     243 |   61% |  Gold     |
118660  61529737 |  55811.8 |  196.6    9.2 |  0.2   0.5 |     156     186 |   51% |  Gold     |
118738    995844 |  55833.3 |  121.5   50.1 |  0.2   0.5 |     118     158 |   52% |  Bronze   |
118741  43101116 |  55834.4 |  267.5   -4.4 |  0.2   0.5 |     121     160 |   43% |  Bronze   |  EHE
118778  61465314 |  55846.9 |  175.5   45.0 |  0.2   0.5 |      88     115 |   43% |  Bronze   |
118973  22324184 |  55886.0 |   26.2   10.3 |  0.3   0.9 |     120     159 |   42% |  Bronze   |
118973  25391094 |  55886.0 |  356.6  -12.9 |  0.2   0.5 |   4,912   4,969 |   29% |  Bronze   |
119097  49522606 |  55903.7 |  168.5   41.0 |  0.6   1.5 |      93     123 |   45% |  Bronze   |
119101  32538906 |  55904.5 |  100.4   19.9 |  0.3   0.7 |      77     108 |   34% |  Bronze   |
119125  14422170 |  55908.4 |  247.7    0.8 |  0.3   0.7 |     126     164 |   41% |  Bronze   |
119136  66932419 |  55911.3 |   36.8   18.5 |  0.5   1.3 |     794     891 |   95% |  Gold     |  Diffuse
119146  28561103 |  55913.3 |   27.7    8.2 |  0.5   1.3 |     117     157 |   40% |  Bronze   |
# --- 2012 (9 bronze events / 6 gold events) ---
119739  41603205 |  58528.7 |  238.1   18.9 |  0.2   0.5 |     378     433 |   82% |  Gold     |  EHE
120027  12133428 |  56043.4 |  184.1    0.5 |  0.3   0.7 |      79     109 |   27% |  Bronze   |
120157  59255331 |  56063.0 |  198.8   31.7 |  0.3   0.7 |     167     194 |   61% |  Gold     |  Diffuse
120185  63879322 |  56070.6 |  171.2   26.4 |  0.2   0.5 |     120     160 |   50% |  Bronze   |  EHE
120186   1306178 |  56070.6 |  343.4   15.6 |  0.2   0.6 |     131     168 |   49% |  Bronze   |
120205  73761892 |  56076.5 |  177.7   23.5 |  0.3   0.7 |      95     126 |   42% |  Bronze   |
120244  21476686 |  56079.3 |  119.4   14.9 |  0.2   0.5 |     102     137 |   40% |  Bronze   |
120260  65493286 |  56083.7 |  152.3   36.6 |  0.2   0.5 |      75     107 |   38% |  Bronze   |
120309  20451977 |  56089.4 |   40.6  -15.6 |  0.2   0.5 |   8,571   8,573 |   24% |  Bronze   |
120535  24248640 |  56146.2 |  330.0    1.7 |  0.2   0.5 |     318     373 |   74% |  Gold     |  Diffuse
120680  12284754 |  56186.3 |  182.5    3.8 |  0.3   0.9 |     139     174 |   44% |  Gold     |
120798  20915945 |  56211.8 |  205.3   -2.4 |  0.2   0.5 |     431     481 |   84% |  Gold     |  EHE, Diffuse
120860  64513030 |  56226.6 |  170.2   27.9 |  0.2   0.6 |     850     961 |   93% |  Gold     |  Diffuse
120884  64276946 |  56234.5 |  123.4    5.8 |  0.2   0.5 |      83     112 |   28% |  Bronze   |
120935  29325450 |  56246.3 |  225.6    9.0 |  0.2   0.5 |      89     116 |   32% |  Bronze   |
# --- 2013 (21 bronze events / 4 gold events) ---
121761  41853263 |  58528.7 |    6.4   73.6 |  0.6   1.5 |     127     165 |   53% |  Bronze   |
121762  56963417 |  56317.7 |  279.7   -1.9 |  0.2   0.6 |      86     114 |   31% |  Bronze   |
121769  40349510 |  56319.3 |  353.4   -2.0 |  0.3   0.7 |     207     235 |   61% |  Gold     |
122055   5809789 |  56367.7 |  303.1   54.1 |  0.2   0.5 |      73     105 |   38% |  Bronze   |
122060  56194427 |  56369.3 |   13.6   20.5 |  0.2   0.6 |      73     105 |   32% |  Bronze   |
122154   6905361 |  56390.8 |    6.0    4.2 |  0.7   1.8 |     124     163 |   39% |  Bronze   |
122160  52726834 |  56392.0 |  162.9   30.4 |  0.2   0.6 |      87     115 |   41% |  Bronze   |
122316  49995489 |  56420.6 |  338.5   25.9 |  0.2   0.6 |     104     140 |   45% |  Bronze   |
122318  21601607 |  56421.2 |  317.3    1.9 |  0.3   0.7 |      72     105 |   25% |  Bronze   |
122361  46565711 |  56431.5 |   46.3   23.9 |  0.2   0.5 |      80     110 |   36% |  Bronze   |
122469  31925079 |  56443.6 |  165.0    6.1 |  0.3   0.8 |     106     143 |   35% |  Bronze   |
122604  17469985 |  56470.1 |   93.0   16.9 |  0.3   0.8 |     762     851 |   94% |  Gold     |  Diffuse, HESE
122605  60656774 |  56470.4 |  153.5    4.0 |  0.2   0.5 |      93     122 |   31% |  Bronze   |
122663  58987459 |  56484.5 |   78.1   -2.3 |  0.2   0.5 |     127     165 |   43% |  Bronze   |
122768  38570780 |  56504.1 |  123.0    7.1 |  0.5   1.2 |      86     114 |   30% |  Bronze   |
122772  38615684 |  56505.3 |  216.2    8.2 |  0.3   0.8 |      79     110 |   28% |  Bronze   |
122793  12516001 |  56508.8 |  129.0   12.8 |  0.2   0.5 |      85     113 |   33% |  Bronze   |
122818  16944987 |  56512.3 |   26.4    9.3 |  0.2   0.5 |      81     111 |   29% |  Bronze   |
122895  69011827 |  56526.4 |   91.4    0.6 |  0.2   0.5 |      87     115 |   30% |  Bronze   |
123107   8144529 |  56579.9 |   33.3   10.2 |  0.2   0.5 |     252     293 |   67% |  Gold     |  Diffuse
123145  34573112 |  56588.6 |  302.0   11.9 |  0.2   0.5 |      83     112 |   32% |  Bronze   |  EHE
123228  40504010 |  56604.6 |  342.9   41.8 |  0.2   0.5 |     112     153 |   50% |  Bronze   |
123240  49730417 |  56608.0 |  129.3  -17.5 |  0.2   0.5 |   6,689   7,006 |   27% |  Bronze   |
123281  52248792 |  56620.1 |  285.7   19.6 |  0.2   0.5 |     147     180 |   55% |  Gold     |
123365  72695973 |  56639.1 |  311.3  -13.3 |  0.3   0.7 |   1,817   1,920 |   31% |  Bronze   |
# --- 2014 (20 bronze events / 7 gold events) ---
123620  47444787 |  58528.7 |  191.5   -2.9 |  0.2   0.6 |     176     200 |   56% |  Gold     |
123662  27529428 |  56660.9 |   41.6   72.9 |  1.6   4.2 |      95     125 |   42% |  Bronze   |
123751  34239163 |  56665.3 |  344.7    1.6 |  0.2   0.5 |     125     163 |   40% |  Bronze   |  EHE
123762  72626160 |  56666.5 |  293.3   33.5 |  0.2   0.5 |     821     924 |   93% |  Gold     |  EHE, Diffuse
123986  63557286 |  56679.1 |  135.9   40.5 |  0.9   2.2 |      98     131 |   46% |  Bronze   |
124221  76481548 |  56701.8 |  203.1   13.8 |  0.2   0.6 |     104     140 |   39% |  Bronze   |
124296  49827757 |  56711.9 |  123.7   32.2 |  0.8   2.0 |      91     119 |   43% |  Bronze   |
124340  19400842 |  56723.9 |  308.5   36.9 |  0.6   1.4 |      78     109 |   40% |  Bronze   |
124463  35466777 |  56740.1 |  225.9   51.0 |  0.2   0.6 |      78     109 |   40% |  Bronze   |
124547  66087371 |  56757.1 |  162.1   86.0 |  6.2  16.0 |     216     246 |   63% |  Gold     |
124569  22040903 |  56758.6 |  146.2   16.8 |  0.3   0.9 |     116     156 |   45% |  Bronze   |
124643   5182926 |  56767.9 |    9.4   18.0 |  0.7   1.8 |     124     163 |   49% |  Bronze   |
124693  33063779 |  56781.0 |  161.5   45.2 |  0.9   2.3 |      78     109 |   40% |  Bronze   |
124829  42577032 |  56811.1 |    9.4    7.6 |  0.2   0.5 |     112     152 |   38% |  Bronze   |
124852  74171655 |  56817.6 |  106.1    1.2 |  0.2   0.6 |     406     459 |   82% |  Gold     |  Diffuse
124861  32863663 |  56819.2 |  110.1   11.1 |  0.2   0.5 |   5,846   5,960 |  100% |  Gold     |  EHE, Diffuse
124994  15096469 |  56842.3 |  159.7   51.8 |  0.4   1.1 |     111     150 |   50% |  Bronze   |
125001  73159253 |  56843.7 |   25.7    2.7 |  0.4   1.1 |     186     212 |   56% |  Gold     |
125011  43302321 |  56845.5 |  242.3   14.6 |  0.3   0.7 |     129     167 |   48% |  Bronze   |
125046  64570437 |  56851.6 |    1.1   15.6 |  0.2   0.5 |     100     134 |   39% |  Bronze   |
125205  19617837 |  56889.4 |  272.1    1.3 |  0.3   0.8 |      77     108 |   27% |  Bronze   |
125338  65606123 |  56923.7 |  169.6   -1.5 |  0.2   0.5 |     133     170 |   44% |  Bronze   |  EHE
125349  12316485 |  56927.2 |   51.0   -0.3 |  0.5   1.3 |     149     182 |   48% |  Gold     |
125422  26630854 |  56942.8 |   63.1    3.4 |  0.3   0.7 |     138     173 |   44% |  Bronze   |
125558  19184163 |  56975.3 |  221.8   27.5 |  0.3   0.8 |      81     110 |   38% |  Bronze   |
125693  21174828 |  56999.7 |  246.7   17.3 |  0.2   0.5 |      79     109 |   33% |  Bronze   |
125757  12938244 |  57012.4 |  179.4   -2.0 |  0.2   0.5 |     100     134 |   35% |  Bronze   |
# --- 2015 (23 bronze events / 10 gold events) ---
125796  16042897 |  58528.7 |  318.3    3.3 |  0.2   0.5 |      95     126 |   32% |  Bronze   |
125800  83097666 |  57026.4 |  271.8   29.2 |  0.3   0.9 |     100     133 |   45% |  Bronze   |
125929  11025256 |  57040.5 |  151.4    4.0 |  0.5   1.3 |     116     156 |   37% |  Bronze   |
125934  55750717 |  57041.4 |  287.1    6.5 |  0.2   0.5 |     104     140 |   35% |  Bronze   |
125940   7449833 |  57043.0 |   96.1   14.3 |  0.2   0.5 |      85     113 |   34% |  Bronze   |
125968  61389842 |  57049.5 |  100.4    4.4 |  0.2   0.5 |     252     293 |   66% |  Gold     |  Diffuse
125973  80686964 |  57051.2 |  357.0    7.1 |  1.0   2.7 |      99     131 |   34% |  Bronze   |
126082  40384770 |  57078.0 |  237.0   55.0 |  3.0   7.7 |      74     106 |   38% |  Bronze   |
126148  74589372 |  57094.3 |  126.2   -3.2 |  0.4   1.1 |      76     107 |   29% |  Bronze   |
126308  20883844 |  57140.6 |   29.6   15.6 |  0.2   0.6 |      79     109 |   32% |  Bronze   |
126370  61611641 |  57157.9 |   91.7   11.9 |  0.3   0.9 |     344     401 |   77% |  Gold     |  Diffuse
126405  50771014 |  57168.0 |  139.6   -1.9 |  0.2   0.5 |      78     109 |   28% |  Bronze   |
126423  50123696 |  57174.0 |  334.0    9.3 |  0.3   0.7 |      75     106 |   27% |  Bronze   |
!!!126456   1581608 |  57182.0 |   49.1    0.0 |  0.3   0.7 |      91     119 |   31% |  Bronze   |
!!!126456  35956042 |  57182.2 |  245.4    0.3 |  0.2   0.5 |      88     115 |   30% |  Bronze   |
126514  73786337 |  57198.6 |   73.0    0.8 |  0.2   0.6 |      82     112 |   29% |  Bronze   |
126515  20091930 |  57198.7 |  306.8   18.9 |  0.2   0.5 |     113     154 |   46% |  Bronze   |
126620  19175993 |  57217.9 |  326.0   25.4 |  0.2   0.6 |     393     447 |   84% |  Gold     |  Diffuse
126703  23477554 |  57243.3 |  221.9  -17.6 |  0.2   0.5 |  11,428  11,808 |   19% |  Bronze   |
126717  29833358 |  57246.3 |  319.1   31.6 |  0.4   0.9 |      95     126 |   44% |  Bronze   |
126718  53509959 |  57246.8 |  328.7    6.0 |  0.2   0.5 |     459     509 |   83% |  Gold     |  EHE, Diffuse
126769  62990844 |  57257.6 |  325.6   -2.2 |  0.2   0.6 |     100     133 |   35% |  Bronze   |
126798  67205547 |  57265.2 |   54.8   34.7 |  0.2   0.5 |     147     180 |   58% |  Gold     |  EHE
126812  38566267 |  57269.8 |  133.9   27.8 |  0.2   0.5 |     260     304 |   74% |  Gold     |  Diffuse
126848   8902133 |  57279.9 |  130.3   30.6 |  0.4   1.0 |      91     120 |   43% |  Bronze   |
126860  17477746 |  57283.5 |   48.9   -3.0 |  0.2   0.5 |      73     105 |   28% |  Bronze   |
126863  14025085 |  57284.2 |  279.7   30.2 |  0.3   0.7 |     201     228 |   67% |  Gold     |
126878  30560694 |  57288.0 |  103.5    4.0 |  0.2   0.5 |     106     143 |   35% |  Bronze   |  EHE
126911   6416344 |  57291.9 |  194.5   -4.6 |  0.2   0.5 |     112     153 |   41% |  Bronze   |  EHE
126976   9961785 |  57308.1 |  179.2   52.5 |  0.2   0.5 |     116     156 |   52% |  Bronze   |
126989  59479399 |  57312.7 |  197.3   21.0 |  0.8   2.1 |     274     323 |   76% |  Gold     |  Diffuse
127112  69211097 |  57340.9 |   76.3   12.6 |  0.3   0.9 |     968   1,090 |   95% |  Gold     |  Diffuse
127154   9907321 |  57348.5 |  262.1   -2.3 |  0.2   0.5 |     213     242 |   62% |  Gold     |  EHE
# --- 2016 (16 bronze events / 8 gold events) ---
127357  17650073 |  58528.7 |   78.1    4.7 |  0.4   1.0 |     187     212 |   56% |  Gold     |
127603  48070937 |  57443.9 |  312.2   60.6 |  0.3   0.7 |     146     179 |   58% |  Gold     |
127650  18431575 |  57454.7 |   92.8   10.7 |  0.2   0.5 |      74     106 |   28% |  Bronze   |
127742  55820225 |  57478.6 |  151.3   15.9 |  0.2   0.5 |     449     498 |   85% |  Gold     |  Diffuse
127790  45902607 |  57488.7 |  235.4   -4.0 |  0.2   0.5 |      95     125 |   36% |  Bronze   |
127910  25056152 |  57518.7 |  353.0    2.2 |  0.2   0.6 |     138     173 |   44% |  Bronze   |  EHE
128034  69069846 |  57551.4 |   18.0    4.0 |  0.3   0.8 |      75     107 |   25% |  Bronze   |
128065  17929326 |  57553.5 |  214.9   38.5 |  0.4   1.1 |      82     112 |   41% |  Bronze   |
128067  65335330 |  57554.4 |  303.7   12.9 |  0.3   0.7 |     110     149 |   41% |  Bronze   |
128209  54386016 |  57576.2 |  351.5    0.9 |  0.2   0.5 |      80     110 |   28% |  Bronze   |
128253  44251618 |  57589.9 |   64.8   27.4 |  1.0   2.6 |      77     108 |   37% |  Bronze   |
128278  49218472 |  57596.3 |  112.7   14.8 |  0.3   0.7 |      73     105 |   30% |  Bronze   |
128292  15195696 |  57600.8 |  312.9   20.3 |  0.2   0.5 |      91     119 |   39% |  Bronze   |
128311  26552458 |  57606.5 |  122.6   -0.7 |  0.2   0.5 |     192     218 |   58% |  Gold     |  EHE
128334   9739548 |  57612.7 |   87.0   48.6 |  3.1   7.9 |     121     160 |   53% |  Bronze   |
128547  14557367 |  57655.7 |  240.5    1.8 |  1.0   2.6 |     150     182 |   48% |  Gold     |
128567  21044380 |  57662.4 |  191.7   36.8 |  0.4   1.0 |     180     205 |   64% |  Gold     |
128606  54200591 |  57673.6 |  189.4   -8.2 |  0.3   0.9 |     684     759 |   25% |  Gold     |
128632  62194858 |  57682.3 |  121.9   23.5 |  0.3   0.9 |     101     135 |   43% |  Bronze   |
128651  44166050 |  57688.6 |  118.7    2.2 |  0.2   0.6 |     116     156 |   38% |  Bronze   |
128755  32356079 |  57709.3 |   78.3    1.9 |  0.4   0.9 |     162     191 |   51% |  Gold     |
128785  76992952 |  57717.4 |  140.8   -0.3 |  0.2   0.5 |     123     161 |   40% |  Bronze   |
128796  26367207 |  57719.7 |  278.7   71.7 |  1.8   4.5 |     103     138 |   45% |  Bronze   |
128967  17750653 |  57746.5 |   62.5   17.9 |  0.3   0.8 |     103     139 |   42% |  Bronze   |
# --- 2017 (13 bronze events / 11 gold events) ---
129020  20626582 |  58528.7 |  311.6    7.9 |  0.5   1.2 |     154     185 |   49% |  Gold     |
129144  66284903 |  57790.5 |  179.5   34.3 |  0.4   1.1 |     101     134 |   46% |  Bronze   |
129153  11436007 |  57792.1 |  101.3   15.7 |  0.2   0.5 |     112     152 |   43% |  Bronze   |
129154  45298080 |  57792.6 |   92.6    4.5 |  0.2   0.5 |     100     134 |   33% |  Bronze   |
129267  34234803 |  57820.9 |  155.4    5.7 |  0.2   0.5 |      76     107 |   25% |  Bronze   |
129420  59928529 |  57865.6 |  237.9    5.6 |  0.6   1.5 |     127     165 |   40% |  Bronze   |
129434  58903823 |  57870.3 |    4.5   -0.5 |  0.9   2.4 |     114     155 |   38% |  Bronze   |
129506  21161807 |  57887.2 |  311.8   18.7 |  0.3   0.7 |      76     107 |   33% |  Bronze   |
129506  49650572 |  57887.3 |  226.7   30.3 |  0.2   0.5 |     140     175 |   56% |  Gold     |
129550  51402681 |  57900.1 |  179.9   26.3 |  0.3   0.8 |      94     123 |   42% |  Bronze   |
129654   8332254 |  57925.2 |   74.3   25.9 |  1.0   2.6 |      78     109 |   37% |  Bronze   |
129677  55886338 |  57930.5 |  281.0    8.9 |  0.3   0.7 |     176     201 |   55% |  Gold     |
129701  49353375 |  57938.3 |  230.3   23.3 |  0.2   0.5 |     167     195 |   60% |  Gold     |
129777  67372962 |  57951.8 |  208.2   26.2 |  0.3   0.8 |     481     534 |   87% |  Gold     |
129855  33565191 |  57968.1 |    2.0    4.4 |  0.9   2.4 |     183     208 |   55% |  Gold     |
129878  40814378 |  57974.6 |   20.9   -2.3 |  0.2   0.5 |     199     226 |   60% |  Gold     |
129915  72252401 |  57984.3 |   27.3   18.7 |  0.2   0.5 |     130     167 |   51% |  Bronze   |
129933  32926212 |  57989.6 |   41.7   12.1 |  0.7   1.8 |     141     175 |   49% |  Gold     |
130033  50579430 |  58018.9 |   77.3    5.7 |  0.2   0.5 |     231     264 |   63% |  Gold     |  EHE
130034   7858514 |  58019.0 |  173.1   -2.7 |  0.2   0.5 |     178     202 |   56% |  Gold     |
130092  30964247 |  58032.3 |  133.0   17.2 |  0.2   0.5 |      90     118 |   37% |  Bronze   |
130172  52824390 |  58054.8 |  294.8    1.3 |  0.5   1.2 |     100     133 |   34% |  Bronze   |
130214  17569642 |  58063.8 |  340.3    7.3 |  0.2   0.5 |   1,485   1,573 |   98% |  Gold     |  EHE
130220  11599241 |  58065.8 |  269.8  -20.4 |  0.2   0.5 |  18,542  20,310 |   18% |  Bronze   |
# --- 2018 (19 bronze events / 6 gold events) ---
130588  44934051 |  58528.7 |   75.1   13.3 |  0.5   1.3 |     358     415 |   79% |  Gold     |
130597  55489144 |  58144.0 |  207.5   23.6 |  0.2   0.5 |      80     110 |   36% |  Bronze   |
130639  37366501 |  58154.0 |   17.5  -10.5 |  0.2   0.5 |      85     113 |   23% |  Bronze   |
130684  80612787 |  58162.4 |   66.6    5.8 |  0.2   0.5 |      83     112 |   28% |  Bronze   |
130743  25740057 |  58177.6 |  295.5   26.5 |  0.2   0.5 |      94     124 |   42% |  Bronze   |
130797  67186364 |  58190.7 |  286.9    5.8 |  0.2   0.5 |     123     162 |   39% |  Bronze   |
130801  16289732 |  58191.8 |   58.5    0.7 |  0.2   0.5 |     107     145 |   36% |  Bronze   |
130807   3160265 |  58193.2 |  271.9   -1.5 |  0.2   0.5 |     116     157 |   39% |  Bronze   |
130912  76035104 |  58218.8 |  218.6    0.4 |  0.2   0.5 |     206     234 |   60% |  Gold     |
130932  35022693 |  58225.3 |  305.9   -4.2 |  0.2   0.5 |     178     202 |   58% |  Gold     |
131096  32665194 |  58266.5 |  312.0    0.2 |  0.2   0.5 |      79     109 |   28% |  Bronze   |
131134  60192271 |  58277.6 |   68.6   -0.9 |  0.2   0.5 |     119     159 |   40% |  Bronze   |
131145  43542963 |  58281.2 |  340.5    4.5 |  0.7   1.7 |      75     107 |   25% |  Bronze   |
131165   9342044 |  58283.0 |   37.2   11.5 |  0.8   2.0 |     115     155 |   42% |  Bronze   |
131321  73241305 |  58327.8 |   75.3  -17.5 |  0.2   0.6 |  14,944  15,462 |   19% |  Bronze   |
131360  57649537 |  58337.2 |  101.2   10.3 |  0.5   1.4 |      74     106 |   28% |  Bronze   |
131477  57977901 |  58370.6 |  141.9   26.4 |  0.2   0.6 |     135     171 |   53% |  Bronze   |
131505  52347097 |  58375.5 |  360.0  -10.1 |  0.4   0.9 |     104     140 |   21% |  Bronze   |
131519  27561842 |  58380.1 |  258.0   32.7 |  0.2   0.5 |     106     143 |   48% |  Bronze   |
131602  39194539 |  58399.8 |   77.3    1.4 |  0.2   0.5 |      77     108 |   27% |  Bronze   |
131653  63430929 |  58414.7 |   78.3   21.4 |  0.2   0.5 |     101     136 |   43% |  Bronze   |
131746  47815348 |  58436.9 |    5.3   19.1 |  0.2   0.5 |     107     145 |   44% |  Bronze   |
131764  48222919 |  58442.7 |   26.5   13.0 |  1.0   2.6 |     158     188 |   54% |  Gold     |
131767   7377802 |  58442.9 |  323.4   49.4 |  1.1   2.9 |     138     174 |   57% |  Gold     |
131768  80926380 |  58443.6 |  132.0   32.9 |  0.4   1.0 |     184     208 |   64% |  Gold     |
# --- 2019 (3 bronze events / 1 gold events) ---
132043  80110393 |  58528.7 |   57.3   -0.9 |  0.2   0.5 |     115     156 |   39% |  Bronze   |
132128  69441226 |  58515.0 |  245.1   38.5 |  0.2   0.5 |     125     163 |   53% |  Bronze   |
132206  36575563 |  58528.7 |  228.1   -4.2 |  0.2   0.5 |     294     348 |   74% |  Gold     |
132237  23969090 |  58537.9 |  155.1   19.8 |  0.2   0.5 |     130     167 |   51% |  Bronze   |
